52 54 186.39 -1 -1
53 54 186.39 -1 -1
54 54 186.39 -1 -1
55 54 186.39 -1 -1
56 54 186.39 -1 -1
57 54 186.39 -1 -1
58 54 186.39 -1 -1
59 54 186.39 -1 -1
60 54 186.39 -1 -1
61 54 186.39 -1 -1
62 54 186.39 -1 -1
63 54 186.39 -1 -1
64 54 186.39 -1 -1
65 54 186.39 -1 -1
51 55 186.39 -1 -1
59 55 186.39 -1 -1
64 55 186.39 -1 -1
50 56 186.39 -1 -1
64 56 186.39 -1 -1
50 57 186.39 -1 -1
60 57 186.39 -1 -1
65 57 186.39 -1 -1
50 58 186.39 -1 -1
60 58 186.39 -1 -1
65 58 186.39 -1 -1
50 59 186.39 -1 -1
60 59 186.39 -1 -1
65 59 186.39 -1 -1
50 60 186.39 -1 -1
60 60 186.39 -1 -1
65 60 186.39 -1 -1
50 61 186.39 -1 -1
60 61 186.39 -1 -1
65 61 186.39 -1 -1
50 62 186.39 -1 -1
60 62 186.39 -1 -1
65 62 186.39 -1 -1
50 63 186.39 -1 -1
60 63 186.39 -1 -1
65 63 186.39 -1 -1
50 64 186.39 -1 -1
60 64 186.39 -1 -1
65 64 186.39 -1 -1
50 65 186.39 -1 -1
60 65 186.39 -1 -1
63 65 186.39 -1 -1
65 65 186.39 -1 -1
50 66 186.39 -1 -1
60 66 186.39 -1 -1
62 66 186.39 -1 -1
65 66 186.39 -1 -1
50 67 186.39 -1 -1
60 67 186.39 -1 -1
61 67 186.39 -1 -1
65 67 186.39 -1 -1
50 68 186.39 -1 -1
59 68 186.39 -1 -1
60 68 186.39 -1 -1
65 68 186.39 -1 -1
50 69 186.39 -1 -1
58 69 186.39 -1 -1
60 69 186.39 -1 -1
65 69 186.39 -1 -1
50 70 186.39 -1 -1
57 70 186.39 -1 -1
60 70 186.39 -1 -1
65 70 186.39 -1 -1
50 71 186.39 -1 -1
56 71 186.39 -1 -1
60 71 186.39 -1 -1
50 72 186.39 -1 -1
54 72 186.39 -1 -1
55 72 186.39 -1 -1
60 72 186.39 -1 -1
50 73 186.39 -1 -1
51 73 186.39 -1 -1
52 73 186.39 -1 -1
53 73 186.39 -1 -1
60 73 186.39 -1 -1
